0 0.041192
1 0.041185
2 0.041174
3 0.041158
4 0.041138
5 0.041114
6 0.041085
7 0.041052
8 0.041014
9 0.040971
10 0.040925
11 0.040874
12 0.040818
13 0.040759
14 0.040695
15 0.040626
16 0.040554
17 0.040477
18 0.040395
19 0.040310
20 0.040220
21 0.040127
22 0.040029
23 0.039927
24 0.039820
25 0.039710
26 0.039596
27 0.039478
28 0.039356
29 0.039230
30 0.039100
31 0.038966
32 0.038828
33 0.038687
34 0.038542
35 0.038393
36 0.038241
37 0.038085
38 0.037926
39 0.037763
40 0.037596
41 0.037427
42 0.037253
43 0.037077
44 0.036897
45 0.036714
46 0.036528
47 0.036339
48 0.036147
49 0.035952
50 0.035754
51 0.035553
52 0.035350
53 0.035143
54 0.034934
55 0.034722
56 0.034508
57 0.034291
58 0.034072
59 0.033850
60 0.033626
61 0.033400
62 0.033171
63 0.032941
64 0.032708
65 0.032473
66 0.032237
67 0.031998
68 0.031757
69 0.031515
70 0.031271
71 0.031026
72 0.030779
73 0.030530
74 0.030280
75 0.030029
76 0.029776
77 0.029522
78 0.029267
79 0.029010
80 0.028753
81 0.028494
82 0.028235
83 0.027975
84 0.027714
85 0.027452
86 0.027190
87 0.026927
88 0.026663
89 0.026399
90 0.026135
91 0.025870
92 0.025605
93 0.025340
94 0.025074
95 0.024809
96 0.024543
97 0.024277
98 0.024012
99 0.023746
